Scenario #1
63
11
55
72
53
45
42
6
50
62
55
48
10

Scenario #2
80

Scenario #3
24
30
30
20
30
21
11
11
20
10
23
10
10
23
24
14
10
30
22
13
20

Scenario #4
40
48
10

Scenario #5
75
56
21
11

Scenario #6
12
12
20
12
11
11
10
15
13
11
1
21
17
16
14
11
1

Scenario #7
8
7
17
17
13
12
8
5
7
3
17
15
14
14
13
13
16
13
12
20
14

Scenario #8
71
51
47
41
31
21
0
0
0
42
30
0

Scenario #9
13
15
15
13
23
14
13
13
11
11
7
6
3
11

Scenario #10
45
4
42
43
47
41
46
33

Scenario #11
0
0
0
0
0
0
0
0

Scenario #12
25
80
90
90
51
47

Scenario #13
2
40
45
36
22
52
35
36
23

Scenario #14
61
5
53
61
4
55
51
42
34
40
62
33
15
4
15
53
53
52
50
62
31
31
14
10
10
31
4

Scenario #15
11
15
14
14
13
1
0
15
14
13
0
15
12
11
12
10
15
14
14
1
15
14
12
1
0
12

Scenario #16
0
14
11
3
0
2
12
12
12
10
10
5
4
3
2
14
3
2
2
14

Scenario #17
5
29
5
32
7
28
16
14
16

Scenario #18
33
31
0
17
40
41
32
21
6
20
40
17
4
2

Scenario #19
50
5
50
11
22
51
3
52
31
23
11
4
52
1
26
26
20
50
23
30
12
51
21
41

Scenario #20

Scenario #21
0
30
15
32
1
13
0
30

Scenario #22
1
30
61
70
63
63
41
20
74
31
30
20
81
60
13
80
60
35
20
10
2
1
81

Scenario #23
46
40
33
33
30
40
37
43
26

Scenario #24
61
41
1
53
10
8
62
72
50
43
11
53
42
41
41
71
62
41
41
20
11

Scenario #25
16
13
0
13
6
1
16
4
6
4
1
4
10
14
6
5
2
12
12
14
5
4
4
1
4
14

Scenario #26
73
73
55
45
37
37
35

Scenario #27
94
23
32

Scenario #28
3
3
2
0
2
2
2
2
3
3
3
1
2
2
3
3
3
3
1
1
1
1
3
3

Scenario #29
0
0
1
1
1
1
1
1
0
0
1
0

Scenario #30
0
0
0
0
0
0

Scenario #31
20
51
50
51
44
41
43
31
30
40
14
12

Scenario #32
88
82
58
59
89
89
84

Scenario #33
95
86
83
85
82
51
92
63

Scenario #34
35
21
13
34
34
16
33
11
12
35
14
40
42
43
41
43
43
25
24
35
35
32
21
23
20
20
35
15

Scenario #35
4
70
2
26
63
47
51
21
54
78
66
28
27
20
13
50
70
50
44
26
64
26
72
64
60

Scenario #36
12
11
10
7
6
3
5
2

Scenario #37
10
51
50
41
20
65

Scenario #38
42
30
41
20
30
1
13
44
44
20
43
30
20
11
3
2
2
31
44
41
44
40
41
45
21
21
13
11

Scenario #39
14
11
11
0
2
11
12
2
0
10
10
15
10
10
11
14
0
13

Scenario #40
0
0
1
1
1
0
0
0
1
1
1
1
0
0
0
1
0
0
0
0
0
1
1
1

Scenario #41
52
51
42
30
30
23
22
51
51
45
44
43
30
30
22
21
13
13
12
61
50
22
22

Scenario #42
74
30
0
73
50

Scenario #43
28
52
32
41
36
27

Scenario #44
19

Scenario #45
41
80
64
55
82
63
22
22

Scenario #46
0
54
12
52
35

Scenario #47
51
65
52
51
45
41
41
26
27
46
69
47
66
66
40
68
64
62
33
32
66
47
43
42
60
42
69

Scenario #48
26
21
50
60
55
43
3
90
21
16
92
22
40
21
2
63
21
51
3
73
81

Scenario #49
21
11
16
20
11
21
13

Scenario #50
14
20
70
15
22
42
3
71
64
70
50
33
15
15
13
18
18

Scenario #51
5
22
3
14
0
27
29
10
27
26
25
31
3
24
23
27
30
30
23
26
3
3
24
23
12
23
22

Scenario #52
47
31
27
21
15
9
42
52
50
50
50
41
31
30
27
25
48
25
46
21

Scenario #53
24
30
28
24
22
24
20
12
23
12
5
23
5
5
4
30
26
23
12
4
21
3
23
26

Scenario #54
3
13
16
26
17

Scenario #55
62
42
24
21
11
31
16
71
58
62
32

Scenario #56
51
6
5
92
82
88
85
79
74
90
75
51
51
31
88
88
92
77
87
62

Scenario #57
63
24
48
46
45

Scenario #58
43
44
40
73
74
61
34
75
83
35
20
85
32
30
85
72
70
70

Scenario #59
11
60
47
60
46
44
50
43
34
34
11
6
3
2
1
66
60
70
65
62
47

Scenario #60
6
44
11
65
63

Scenario #61
44
10
4
23
44
5
47
33
20
36
10
7

Scenario #62
12
10
11
1
0
12

Scenario #63
61
51
11
10
10
52

Scenario #64
1
0
1
1
1
1
0
0
1
1
0
1
1
1
0
0
1
0

Scenario #65
80
38
35
45
44
51
32
13
80
50
41
37
21
20
0
61
52
46
84
60
52
43
84
70
81
83
50

Scenario #66
10
20
10
10

Scenario #67
10
53
96
81
91
62
43

Scenario #68
52
73
52
32
62
20
13
11
50
71
43
51
62
41
39
43
82
71
71
74
60
42

Scenario #69
23
36
43
52
32
33
56
24
23
22
35
30
25
21
22
21

Scenario #70
60
32
76
96
67
20
78
32
16
53
21
16
15
12
3
91
80
93
74
67
96
42
13
51
17
66

Scenario #71
82
73
52
80
80
74
71
35
33
31

Scenario #72
14
15
15
15
12
13
13
1
14
16
10

Scenario #73
43
40
47
37
36
35
32
23
13
13
46
43
34
13
30
32
20
12
12
40
31
10
10
43
2
31
43

Scenario #74
66
61
53
52
52
44

Scenario #75
39

Scenario #76
85
65
41
56
48
83
49
46
42
41
24
67
35
33
66
61
48
21
47
1
0

Scenario #77
34
42
23
21
42
24
30
21
20

Scenario #78
6
5
4

Scenario #79
5
2
7
6
3
2
7
1

Scenario #80
66
94
81
71
44
30
71
47
94
73
92
62
63
73
45
44

Scenario #81
64
52
30
17
54
2
20
64
57
56
63
51
31
53
60
58
72
63
62
58

Scenario #82
22
40
10
2
5
45
3
3
23
13
25
10
45
9
7
6
13
45
43
24
24
23
13
9
8
6
45
6
12

Scenario #83
13
1
60
60
46
44
24
2
40
32
27
20

Scenario #84
9
9
8
8
7
8
6
7
0
2
3
4
6
4
4
5
6
9
9
6
5
3
2
0
1
9
6
5
6

Scenario #85
13
30
37
36
34
30
30
30
15
14
12
10

Scenario #86
35
63

Scenario #87
46
44
34
25
22
21
12
12
28
21
2
16
34
31
44
34
44
28
20

Scenario #88
23
10
10
7
2
2
0
20

Scenario #89
14
13
11
11
3
3
13
8
4
10
6
4
15
15
14
3
13
10

Scenario #90
61
93
90

Scenario #91
82
66
41

Scenario #92
56
44
32
50
32
45
41
40
51
52
35
32
30
20
13
43
42
50
41
53
32
45
46
34
34
20
20
44
14
12

Scenario #93
0

Scenario #94
44
51
13
48
11
48
26
43
41
5
28

Scenario #95
57
44
51
52
74
52
12
44
60
54
74
65
45
67
80
56
11
69
67
83

Scenario #96
69
65
21
65
10
65
30

Scenario #97
14
14
13
34
4
31
20

Scenario #98
1
70
55
30
55
71
60
56
40
22
55

Scenario #99
51

Scenario #100
14
3
24
16
16
11
11
15

Scenario #101
66
15
70
80
63
62
62
46
64
40
53
24
49
32
23
81
82
81
61
51
21

Scenario #102
57
34
37
31
54
40
32
57
52
52
37

Scenario #103
11
40
18
33
17
19
50
30
44
42
33
31
30
17
13
52
43
33
53
13
0
1

Scenario #104
19
17
16
14
12
19
17
12
12
15

Scenario #105
6
4
4
4

Scenario #106
0
62
47
63
44
31
21
72
48
6
2
34

Scenario #107
20
53
2
30
41
33
30
54
44
44
34
33
41
31
54
53
51
51
43
38
42
34
44
43
50

Scenario #108
11

Scenario #109
35
44
1
52
60
53

Scenario #110
60
13
52
30
72

Scenario #111
41
41
17
19
32
20
15
36
36
63
21
12
76
77
73
74
73
75
67
66
74
80

Scenario #112
52
44
41
52
31
30
43
42
11
52
13
43

Scenario #113
62
60
60
60
40
18
40
15
14
12
10
63
61
61
14
60
16
11

Scenario #114
85
64

Scenario #115
13
53
65
52
62
25
20
60
65
61
25
53
22
3
64
40
25
13
0
11
10

Scenario #116
50
51
24
37
32
50
31
21
14
14
32
42
52
36

Scenario #117
16
54
11
13
36
6
84
64
85
63
32
17

Scenario #118
27
23
23
14
11
10
8
3
6
24
1
1

Scenario #119
52
52
13
31
23
41
21
11
23
21
10
1
51
14
31
34
28
30
0
40
21
42
52
41
54
41

Scenario #120
55
24
33
45
33
12
34
31
24
14
14
24
20
51
31
30
42
48
55
35
21
18
17
48
46
44
35

Scenario #121
0
73
63
47
60
52
50
41
29
47
27
22
20
60
48
50
48
44
27
27
61
52
48
47
44

Scenario #122
72
64
27
74
73
50
50
83
33
40
28
86
61
28
71
43
30
28
26

Scenario #123
3
5
8
3
2
0
6
9
0

Scenario #124

Scenario #125
23
2
60
50

Scenario #126
62
82
14
5
10
53
51
40
22
7
5
63
61
60
60
47
44
35
27
65
64
83
11
62

Scenario #127
22

Scenario #128
92
60
50
91
81
30
12
0
90
86
53
92
85
25
25
35
81
80
62

