3
15
1 1 Amanda 0 19980708 101 1
1 1 Amanda 0 19980708 101 0
1 2 Josefa 1 19980924 100 1
1 3 Rolando 1 19990129 98 1
1 4 Mariano 2 20000306 97 1
1 5 Anatalia 2 20000630 94 1
1 6 Carlota 4 20011103 92 1
1 7 Fatima 4 20020130 92 1
2 8 Sylvia 4 90 0
3 2 2
4 3 98
4 1 576
5 0 fatima 1
5 1 2000 2
4 4 377
100
1 1 CJH 0 19800922 207 1
1 2 BIC 1 19800415 204 1
1 3 FDG 1 19810416 202 1
1 4 CEB 1 19811025 199 1
1 5 IBJ 3 19821116 197 1
1 6 EHF 4 19821229 194 1
1 7 AFB 2 19830313 192 1
1 8 HAE 5 19830726 189 1
1 9 BJG 6 19840727 187 1
1 10 HCG 4 19840813 184 1
1 11 AGA 8 19851012 182 1
1 12 GIG 11 19851118 179 1
1 13 FCJ 1 19860809 177 1
1 14 JDD 5 19860412 174 1
1 15 DEA 2 19870217 172 1
1 16 ABI 14 19870821 169 1
1 17 IGC 3 19881205 166 1
1 18 BFD 9 19880114 164 1
1 19 BHF 15 19890717 161 1
1 20 IHD 15 19891102 159 1
1 21 CFE 11 19900412 156 1
1 22 ADA 11 19900906 154 1
1 23 GBB 8 19911226 151 1
1 24 IGG 13 19911115 149 1
1 25 JGH 10 19920223 146 1
1 26 DEI 21 19920312 144 1
1 27 DGD 5 19930821 141 1
1 28 JDC 3 19930417 139 1
1 29 GJE 8 19940117 136 1
1 30 FEE 25 19940910 134 1
1 31 CCG 24 19950615 131 1
1 32 HBC 30 19950705 128 1
1 33 FDJ 22 19961201 126 1
1 34 IIG 19 19960101 123 1
1 35 FBB 5 19970302 121 1
1 36 JHJ 33 19970317 118 1
1 37 IIG 36 19980606 116 1
5 0 GBJ 0
1 38 CID 34 19980813 113 1
5 0 JDG 0
5 0 GBE 0
1 39 BEI 30 19991123 111 1
2 28 HEA 23 139 1
5 1 1985 2
1 40 DHD 3 19990602 108 1
5 1 1994 2
3 37 0
2 34 ICD 22 123 1
4 30 373
2 7 BGJ 4 192 1
5 1 2002 0
1 41 JGC 16 20000213 106 1
2 36 ICF 20 118 1
2 13 DDJ 4 177 1
5 1 2005 0
3 40 0
4 2 814
4 18 164
4 4 2096
2 15 FHH 3 172 1
1 42 AHE 38 20000401 103 1
2 10 IHI 7 184 1
1 43 GHI 9 20011111 101 1
1 44 BBB 8 20011024 98 1
3 13 2
4 14 449
3 33 0
4 39 111
3 20 1
1 45 BGE 36 20021209 96 1
3 11 1
1 46 IAB 42 20020615 93 1
2 37 DFI 14 116 0
4 41 106
5 0 DDH 0
3 28 0
4 39 111
4 24 282
3 3 5
4 24 282
5 0 GFB 0
2 41 ACG 33 106 0
1 47 JEB 11 20030827 90 0
1 48 JGF 19 20031126 88 1
1 49 DDE 17 20041106 85 1
1 50 HJB 41 20040203 83 1
4 12 1454
5 1 1981 1
1 51 HIC 17 20051028 80 1
3 16 2
3 28 0
4 6 646
4 51 80
2 51 HFF 48 80 1
5 1 1980 2
2 2 IJC 1 204 1
1 52 GCE 33 20051107 78 0
4 4 2022
2 40 GCJ 24 108 0
3 42 1
2000
1 1 DCF 0 19800914 209 1
1 2 DCH 1 19800429 209 1
1 3 CAG 2 19801221 209 1
1 4 EDE 2 19800728 209 1
1 5 CDF 2 19800823 209 1
1 6 HIF 1 19800310 208 1
1 7 JAF 6 19800714 208 1
1 8 GDF 7 19800230 208 1
1 9 GAD 8 19801204 208 1
1 10 BDE 9 19801213 208 1
1 11 CDC 9 19800509 207 1
1 12 EHA 4 19801115 207 1
1 13 EJD 3 19800120 207 1
1 14 BCF 4 19800618 207 1
1 15 JIA 9 19800111 207 1
1 16 BJB 5 19800714 206 1
1 17 IAB 5 19801221 206 1
1 18 CJH 5 19800126 206 1
1 19 HDJ 17 19800423 206 1
1 20 IBF 10 19801111 206 1
1 21 GBC 9 19800309 206 1
1 22 IFI 10 19800713 205 1
1 23 JFA 16 19800325 205 1
1 24 DIC 23 19801116 205 1
1 25 BEH 11 19801020 205 1
1 26 HFC 22 19800724 205 1
1 27 ADJ 17 19800906 204 1
1 28 JIE 21 19810514 204 1
1 29 FIE 26 19811113 204 1
1 30 BBH 21 19810325 204 1
1 31 CGB 3 19810130 204 1
1 32 FGA 23 19810309 203 1
1 33 CFH 31 19810818 203 1
1 34 ICD 17 19811218 203 1
1 35 FIB 34 19810209 203 1
1 36 CCG 16 19810714 203 1
1 37 BBG 2 19811226 202 1
1 38 IJI 31 19810120 202 1
1 39 DED 14 19810221 202 1
1 40 ABA 7 19811211 202 1
1 41 IDH 1 19810430 202 1
1 42 CBB 19 19810227 202 1
1 43 DFH 33 19810624 201 1
1 44 AJA 12 19810917 201 1
1 45 IBD 39 19810507 201 1
1 46 EHI 36 19811014 201 1
1 47 AAE 15 19810720 201 1
1 48 DHA 47 19810130 200 1
1 49 JCF 10 19810721 200 1
1 50 GBH 40 19810909 200 1
1 51 JHI 4 19810402 200 1
1 52 CDJ 13 19810622 200 1
1 53 CGF 51 19811209 199 1
1 54 AFH 47 19810127 199 1
1 55 GDI 13 19820609 199 1
1 56 JFH 47 19820219 199 1
1 57 JBB 52 19820924 199 1
1 58 GAE 18 19820909 198 1
1 59 CID 49 19820517 198 1
1 60 DAF 51 19820620 198 1
1 61 EDD 48 19820719 198 1
1 62 IDJ 15 19821014 198 1
1 63 FEC 8 19821204 198 1
1 64 JCF 39 19821021 197 1
1 65 BHI 19 19821023 197 1
1 66 CAE 23 19820914 197 1
1 67 AAI 54 19820808 197 1
1 68 FGA 55 19820706 197 1
1 69 BFC 24 19821122 196 1
1 70 JBC 20 19820624 196 1
1 71 DAE 68 19820926 196 1
1 72 DHI 59 19820430 196 1
1 73 JBF 51 19821009 196 1
1 74 EAC 65 19820819 195 1
1 75 DHD 38 19820630 195 1
1 76 EIH 66 19820716 195 1
1 77 AJF 67 19820319 195 1
1 78 AGH 65 19820207 195 1
1 79 FAF 55 19821123 194 1
1 80 EBA 58 19821123 194 1
1 81 DGB 6 19821019 194 1
1 82 BBJ 79 19830723 194 1
1 83 ECD 29 19831113 194 1
1 84 EID 61 19830903 194 1
1 85 HAG 2 19831210 193 1
1 86 HEB 72 19831029 193 1
1 87 IHD 51 19830222 193 1
1 88 AGI 10 19831222 193 1
1 89 FBI 67 19830714 193 1
1 90 ACG 31 19830311 192 1
1 91 DDA 43 19830724 192 1
1 92 HEA 9 19830110 192 1
1 93 IEA 86 19830202 192 1
1 94 HHG 9 19831214 192 1
1 95 FJG 90 19830718 191 1
1 96 HIG 46 19831118 191 1
1 97 CDB 23 19830804 191 1
1 98 BBI 54 19830128 191 1
1 99 JHF 36 19830122 191 1
1 100 FDG 43 19830119 191 1
1 101 CHG 73 19831126 190 1
1 102 CGB 25 19830709 190 1
1 103 HFE 57 19831005 190 1
1 104 DIJ 84 19830504 190 1
1 105 GHG 42 19831228 190 1
1 106 FAJ 44 19830119 189 1
1 107 CDF 95 19830828 189 1
1 108 DAB 93 19830518 189 1
1 109 CGF 35 19840824 189 1
1 110 GAF 59 19840804 189 1
1 111 HAF 83 19840903 188 1
1 112 DAJ 109 19840917 188 1
1 113 ABD 60 19841005 188 1
1 114 HED 4 19841203 188 1
1 115 EIF 27 19840205 188 1
1 116 AFC 33 19840909 187 1
1 117 HAE 97 19840111 187 1
1 118 FCH 115 19840121 187 1
1 119 AGJ 43 19840120 187 1
1 120 GAE 45 19840419 187 1
1 121 FBB 34 19841120 187 1
1 122 CCD 28 19840326 186 1
1 123 AGB 33 19841214 186 1
1 124 AFB 81 19840216 186 1
1 125 FEF 106 19840320 186 1
1 126 HEG 29 19841209 186 1
1 127 EBC 63 19840104 185 1
1 128 EED 86 19840407 185 1
1 129 DFH 15 19840105 185 1
1 130 JIA 109 19840830 185 1
1 131 JFB 113 19840208 185 1
1 132 IDB 119 19840219 184 1
1 133 JFF 90 19840601 184 1
1 134 HJA 34 19840526 184 1
1 135 IDI 47 19841128 184 1
1 136 JCG 57 19851204 184 1
1 137 JAA 89 19850830 183 1
1 138 BBF 76 19850927 183 1
1 139 DAD 112 19850922 183 1
1 140 BFI 73 19850527 183 1
1 141 EFC 56 19850722 183 1
1 142 BGB 74 19851112 183 1
1 143 FIE 80 19850206 182 1
1 144 FGI 88 19850329 182 1
1 145 GIH 8 19851115 182 1
1 146 JFG 51 19850521 182 1
1 147 AIG 12 19850608 182 1
1 148 BJB 93 19850406 181 1
1 149 GEJ 93 19850511 181 1
1 150 BAA 138 19850422 181 1
1 151 EDI 21 19850323 181 1
1 152 ABJ 125 19851028 181 1
1 153 FCG 37 19850130 180 1
1 154 ADE 18 19850206 180 1
1 155 FII 110 19850629 180 1
1 156 CAI 93 19850114 180 1
1 157 ABJ 7 19850222 180 1
1 158 IEE 138 19850824 179 1
1 159 GAH 158 19850830 179 1
1 160 EAB 98 19851218 179 1
1 161 DCA 149 19850413 179 1
1 162 JDE 102 19850117 179 1
1 163 EJG 56 19860225 179 1
1 164 BEC 1 19860608 178 1
1 165 CEI 64 19860710 178 1
1 166 HCG 71 19860519 178 1
1 167 DFF 28 19861012 178 1
1 168 CGE 152 19861119 178 1
1 169 BBA 160 19861127 177 1
1 170 GIJ 136 19860923 177 1
1 171 CJC 138 19860415 177 1
1 172 CBI 133 19860128 177 1
1 173 GHC 101 19860712 177 1
1 174 JCG 157 19860502 176 1
1 175 AEJ 122 19861101 176 1
1 176 CIH 79 19860115 176 1
1 177 AIG 170 19860919 176 1
1 178 JBC 38 19860721 176 1
1 179 EHB 118 19860820 175 1
1 180 HAC 27 19861216 175 1
1 181 EHF 17 19860504 175 1
1 182 AHC 65 19860721 175 1
1 183 CFB 155 19861222 175 1
1 184 AEG 78 19860120 175 1
1 185 ABI 17 19860829 174 1
1 186 AIB 49 19860311 174 1
1 187 IBH 64 19860429 174 1
1 188 JFE 66 19861222 174 1
1 189 GAE 53 19860325 174 1
1 190 CAH 187 19870928 173 1
1 191 FAD 53 19870706 173 1
1 192 JDB 32 19870625 173 1
1 193 DCI 35 19870902 173 1
1 194 EDA 121 19870804 173 1
1 195 CGD 84 19871008 172 1
1 196 EBC 152 19870219 172 1
1 197 EBJ 13 19870220 172 1
1 198 IIH 170 19870412 172 1
1 199 BGF 116 19870807 172 1
1 200 HFG 10 19870102 172 1
1 201 FBJ 93 19870719 171 1
1 202 BJJ 96 19870216 171 1
1 203 IGJ 105 19870116 171 1
1 204 CEH 125 19870307 171 1
1 205 DGC 148 19870224 171 1
1 206 JBH 136 19870707 170 1
1 207 IAD 165 19870421 170 1
1 208 CHD 78 19870829 170 1
1 209 FCF 79 19871122 170 1
1 210 CGC 172 19870813 170 1
1 211 DCB 111 19870623 169 1
1 212 AHI 171 19870520 169 1
1 213 EBB 123 19870528 169 1
1 214 CHF 31 19871026 169 1
1 215 JDB 75 19870108 169 1
1 216 IIF 202 19870503 168 1
1 217 IJI 101 19880819 168 1
1 218 BJD 167 19880507 168 1
1 219 CAB 3 19880608 168 1
1 220 FFC 13 19881117 168 1
1 221 FBH 164 19881109 168 1
1 222 BDG 114 19881001 167 1
1 223 IIH 145 19880918 167 1
1 224 IHI 8 19880307 167 1
1 225 DBG 204 19880319 167 1
1 226 FFF 154 19880428 167 1
1 227 JJA 199 19881120 166 1
1 228 BEI 56 19880828 166 1
1 229 IAH 102 19880606 166 1
1 230 ICF 204 19880402 166 1
1 231 IAG 98 19880717 166 1
1 232 JAG 216 19881018 165 1
1 233 FDB 205 19880404 165 1
1 234 FAF 218 19880411 165 1
1 235 GGH 36 19880114 165 1
1 236 FHA 34 19881222 165 1
1 237 CBJ 42 19880529 164 1
1 238 FJI 41 19881210 164 1
1 239 HFE 71 19880713 164 1
1 240 GEG 143 19880502 164 1
1 241 DCD 209 19880708 164 1
1 242 FCF 208 19880404 164 1
1 243 BAG 13 19880521 163 1
1 244 FAG 103 19890404 163 1
1 245 IHF 203 19890214 163 1
1 246 FBH 12 19890313 163 1
1 247 AHH 118 19890301 163 1
1 248 CEC 75 19890520 162 1
1 249 GCF 95 19890801 162 1
1 250 CHJ 189 19890327 162 1
1 251 CGI 114 19890420 162 1
1 252 AGH 94 19890218 162 1
1 253 FCC 207 19890730 161 1
1 254 FCE 145 19891127 161 1
1 255 HAE 233 19890502 161 1
1 256 IFA 55 19890823 161 1
1 257 DJF 254 19891109 161 1
1 258 EBB 49 19891126 160 1
1 259 GBJ 195 19890307 160 1
1 260 FBI 204 19890802 160 1
1 261 ICI 46 19890101 160 1
1 262 FBF 182 19890818 160 1
1 263 FAH 98 19891206 160 1
1 264 DCG 232 19890305 159 1
1 265 HGJ 245 19891106 159 1
1 266 JJJ 82 19891105 159 1
1 267 JIE 255 19890926 159 1
1 268 FJA 226 19890825 159 1
1 269 HCG 52 19890202 158 1
1 270 IJA 133 19890122 158 1
1 271 EAJ 197 19900826 158 1
1 272 DFD 62 19901211 158 1
1 273 FDE 52 19901121 158 1
1 274 CCI 34 19901022 157 1
1 275 AED 213 19900202 157 1
1 276 AJB 2 19900722 157 1
1 277 FFE 179 19900507 157 1
1 278 IFF 142 19900407 157 1
1 279 DGC 70 19900405 156 1
1 280 DJB 241 19900619 156 1
1 281 EFJ 241 19900726 156 1
1 282 EFF 46 19900902 156 1
1 283 FIC 115 19901115 156 1
1 284 GDA 6 19900407 156 1
1 285 ICH 155 19900821 155 1
1 286 CJE 135 19900708 155 1
1 287 CCF 165 19900417 155 1
1 288 BJE 80 19900521 155 1
1 289 JGC 95 19900308 155 1
1 290 CEE 189 19900128 154 1
1 291 FHF 269 19900526 154 1
1 292 GJH 269 19900818 154 1
1 293 BIG 264 19900823 154 1
1 294 FCI 156 19900614 154 1
1 295 CGC 126 19900802 153 1
1 296 ICA 180 19900106 153 1
1 297 BIB 49 19900504 153 1
1 298 ECH 12 19911009 153 1
1 299 DJI 158 19910222 153 1
1 300 FEE 214 19910123 153 1
1 301 IJF 233 19910614 152 1
1 302 HFI 279 19910705 152 1
1 303 HHI 217 19911123 152 1
1 304 DIF 24 19910218 152 1
1 305 FHD 250 19910317 152 1
1 306 JBJ 93 19910323 151 1
1 307 FFB 108 19910810 151 1
1 308 GIH 192 19910113 151 1
1 309 FJE 89 19910604 151 1
1 310 EGA 98 19910714 151 1
1 311 EFF 12 19910601 150 1
1 312 EAG 33 19911219 150 1
1 313 FEA 60 19910910 150 1
1 314 CEC 12 19910223 150 1
1 315 BFG 181 19910804 150 1
1 316 IDC 210 19910730 149 1
1 317 AHC 54 19910810 149 1
1 318 CHJ 291 19910819 149 1
1 319 GAD 117 19910307 149 1
1 320 JCI 92 19910608 149 1
1 321 CHB 286 19910405 149 1
1 322 FEJ 245 19910526 148 1
1 323 JFD 65 19910424 148 1
1 324 DAA 98 19911016 148 1
1 325 HBI 34 19920806 148 1
1 326 IJF 156 19920823 148 1
1 327 CDJ 232 19921206 147 1
1 328 IJG 6 19920621 147 1
1 329 JAE 75 19920507 147 1
1 330 CBA 287 19920114 147 1
1 331 EIA 228 19920826 147 1
1 332 EHC 178 19920216 146 1
1 333 CFG 214 19921121 146 1
1 334 DIG 289 19921125 146 1
1 335 BJB 282 19920508 146 1
1 336 FCJ 54 19920318 146 1
1 337 BFF 282 19920927 145 1
1 338 CAJ 311 19921122 145 1
1 339 GDE 263 19921121 145 1
1 340 JCI 22 19920112 145 1
1 341 EIJ 223 19921122 145 1
1 342 JJE 308 19920819 145 1
1 343 GEC 326 19920203 144 1
1 344 JEF 144 19920127 144 1
1 345 JAB 107 19920205 144 1
1 346 DJJ 22 19921009 144 1
1 347 AGB 101 19920720 144 1
1 348 FJF 183 19921015 143 1
1 349 FEB 151 19920917 143 1
1 350 FCG 307 19920724 143 1
1 351 BBC 313 19920218 143 1
1 352 CBF 168 19930719 143 1
1 353 DED 113 19930814 142 1
1 354 FAA 98 19930127 142 1
1 355 BJC 23 19930222 142 1
1 356 IGA 207 19930317 142 1
1 357 GHD 247 19931016 142 1
1 358 DJJ 100 19930123 141 1
1 359 DDG 202 19930501 141 1
1 360 BCE 325 19930114 141 1
1 361 HCI 347 19931221 141 1
1 362 DFG 286 19930827 141 1
1 363 FAA 77 19931116 141 1
1 364 HEH 145 19931128 140 1
1 365 FCD 108 19930101 140 1
1 366 IBC 115 19930403 140 1
1 367 DDI 308 19930713 140 1
1 368 ACH 192 19930919 140 1
1 369 ADF 205 19931015 139 1
1 370 DGG 107 19930307 139 1
1 371 ECC 169 19931223 139 1
1 372 DBG 97 19930525 139 1
1 373 HGB 18 19930702 139 1
1 374 JIF 371 19930903 138 1
1 375 ECG 233 19930407 138 1
1 376 HAD 305 19930703 138 1
1 377 FFI 198 19931125 138 1
1 378 JHE 57 19931005 138 1
1 379 IDB 259 19940820 137 1
1 380 IDF 314 19940529 137 1
1 381 GEI 193 19941129 137 1
1 382 CHC 274 19941223 137 1
1 383 BGF 235 19940926 137 1
1 384 ADH 224 19940907 137 1
1 385 FGD 197 19940513 136 1
1 386 DII 144 19940903 136 1
1 387 ACC 356 19940115 136 1
1 388 CBD 78 19940527 136 1
1 389 FEH 270 19940528 136 1
1 390 HID 178 19940823 135 1
1 391 CID 159 19940630 135 1
1 392 JDF 259 19940922 135 1
1 393 JDE 60 19941129 135 1
1 394 DHI 187 19941028 135 1
1 395 HAC 339 19941114 134 1
1 396 IFA 150 19940406 134 1
1 397 ECD 139 19940415 134 1
1 398 BBF 310 19940313 134 1
1 399 ABE 128 19941129 134 1
1 400 EAI 381 19940418 134 1
1 401 EJI 333 19941014 133 1
1 402 IEC 126 19941106 133 1
1 403 IJD 135 19940101 133 1
1 404 DFG 41 19940917 133 1
1 405 CBB 350 19940310 133 1
1 406 EJA 314 19950307 132 1
1 407 JFI 397 19950413 132 1
1 408 HBG 310 19951002 132 1
1 409 AEB 343 19950811 132 1
1 410 BHG 385 19950225 132 1
1 411 CIE 27 19950230 131 1
1 412 CFB 37 19951102 131 1
1 413 DCE 177 19950830 131 1
1 414 EDC 319 19950226 131 1
1 415 GBA 38 19950325 131 1
1 416 HDG 179 19950422 130 1
1 417 CAG 330 19951027 130 1
1 418 HAE 290 19951218 130 1
1 419 AIB 97 19950610 130 1
1 420 AJC 416 19950824 130 1
1 421 FGD 21 19951125 130 1
1 422 CAH 227 19950106 129 1
1 423 FEG 185 19951223 129 1
1 424 FHI 26 19950819 129 1
1 425 EFF 339 19950913 129 1
1 426 DAE 20 19951010 129 1
1 427 BFJ 65 19950228 128 1
1 428 CJD 116 19950505 128 1
1 429 CEE 242 19950801 128 1
1 430 BCF 388 19951204 128 1
1 431 FHA 260 19950223 128 1
1 432 BCI 126 19950808 127 1
1 433 GHF 384 19960601 127 1
1 434 EFI 379 19960325 127 1
1 435 EGH 379 19961215 127 1
1 436 GBE 173 19961112 127 1
1 437 ECG 155 19960802 126 1
1 438 HEE 205 19960117 126 1
1 439 IGD 98 19960901 126 1
1 440 FHF 150 19960828 126 1
1 441 ECI 202 19961114 126 1
1 442 GGI 20 19960801 126 1
1 443 EBB 381 19960219 125 1
1 444 ABE 223 19961024 125 1
1 445 FEE 98 19960614 125 1
1 446 EEG 265 19960916 125 1
1 447 BEE 326 19960120 125 1
1 448 JDB 315 19961106 124 1
1 449 JHA 446 19960717 124 1
1 450 AEH 132 19960703 124 1
1 451 AHG 366 19960102 124 1
1 452 EAH 256 19960306 124 1
1 453 JBG 387 19960502 123 1
1 454 JFI 250 19960807 123 1
1 455 CHJ 180 19960530 123 1
1 456 DAB 246 19961210 123 1
1 457 EHB 223 19960928 123 1
1 458 FIA 126 19961227 122 1
1 459 BGC 124 19960229 122 1
1 460 CGF 451 19971221 122 1
1 461 IFC 156 19970421 122 1
1 462 GGF 109 19970618 122 1
1 463 JBA 316 19971211 122 1
1 464 BDC 440 19971209 121 1
1 465 JGB 116 19970328 121 1
1 466 HHH 425 19970605 121 1
1 467 EIC 133 19970409 121 1
1 468 IHC 454 19970708 121 1
1 469 CEH 393 19971029 120 1
1 470 DFC 110 19970401 120 1
1 471 ABA 450 19971003 120 1
1 472 BCA 74 19970324 120 1
1 473 EGE 131 19971015 120 1
1 474 JBB 60 19970103 119 1
1 475 HDH 413 19971125 119 1
1 476 GDH 463 19970921 119 1
1 477 EFA 372 19970127 119 1
1 478 DAG 81 19970608 119 1
1 479 HCD 302 19970606 118 1
1 480 IBA 424 19971129 118 1
1 481 CGI 242 19970606 118 1
1 482 JDC 368 19971211 118 1
1 483 ACF 200 19971104 118 1
1 484 GAJ 316 19970610 118 1
1 485 BHA 84 19971005 117 1
1 486 FIC 404 19970218 117 1
1 487 FCJ 254 19980623 117 1
1 488 HEJ 393 19980509 117 1
1 489 FGD 187 19980913 117 1
1 490 GFJ 299 19980427 116 1
1 491 GBA 25 19980730 116 1
1 492 CJE 274 19981214 116 1
1 493 DAC 45 19981002 116 1
1 494 HFE 56 19981206 116 1
1 495 CBB 252 19980428 115 1
1 496 AGC 239 19980925 115 1
1 497 JBH 186 19980426 115 1
1 498 GJI 325 19981119 115 1
1 499 CCC 126 19981205 115 1
1 500 AHB 119 19980511 115 1
5 0 FCC 1
5 0 GFH 0
4 281 156
2 440 CFA 58 126 1
4 404 250
1 501 ADJ 192 19981101 114 1
2 258 EFC 149 160 1
3 87 0
5 0 JGJ 0
5 1 1983 26
4 405 133
3 370 0
2 37 AEE 22 202 1
3 284 0
5 0 BBF 2
5 0 ICI 1
3 108 3
4 449 124
5 1 2015 0
4 158 762
2 381 HID 158 137 1
4 35 1509
1 502 EGD 163 19980406 114 1
4 211 169
1 503 DAA 452 19981103 114 1
5 1 2005 0
3 235 1
4 201 171
4 458 122
2 437 GAB 27 126 1
3 21 1
4 182 335
3 119 3
2 426 EHE 402 129 1
3 415 0
1 504 HAG 420 19980122 114 1
1 505 CGB 261 19981007 114 1
3 155 2
2 103 FEF 67 190 1
2 353 AIG 187 142 1
5 0 IIG 0
2 120 CCC 59 187 1
4 123 512
3 493 0
2 123 CBI 5 186 1
3 490 0
5 1 1995 26
1 506 BCB 458 19980429 113 1
1 507 DHF 273 19981008 113 1
2 399 EJB 306 134 1
2 56 ACC 8 199 1
1 508 GEC 318 19980615 113 1
3 227 1
3 479 0
4 491 116
2 122 FID 76 186 1
2 455 GAH 354 123 1
3 372 1
4 67 1413
3 112 3
3 83 2
1 509 EGH 338 19981210 113 1
5 0 BHE 0
4 157 356
5 0 JAI 0
4 423 129
5 0 FHA 2
5 0 GJB 0
3 258 0
4 316 508
2 65 DHJ 12 197 1
4 126 1078
2 365 CAH 61 140 1
1 510 ACG 286 19980415 113 1
1 511 BAF 194 19981118 112 1
2 411 GJI 46 131 1
2 355 CHE 21 142 0
2 203 FIB 66 171 1
5 0 IAC 0
2 11 HIE 6 207 1
2 86 JCA 7 193 1
2 254 FAA 119 161 0
1 512 AEE 249 19980125 112 1
5 0 ADC 0
4 41 616
4 254 439
3 390 0
1 513 FFG 214 19980110 112 1
2 307 FJH 291 151 1
3 471 0
2 134 EHD 3 184 1
4 321 149
5 1 2007 0
4 15 8388
3 340 0
3 234 0
2 271 BGA 225 158 1
3 142 1
2 404 BHC 64 133 1
5 0 IGF 0
4 18 1991
1 514 GJI 114 19990620 112 1
1 515 FBD 384 19990825 112 1
4 238 164
4 348 144
5 1 1996 27
5 0 AJG 0
1 516 AIB 6 19991225 111 1
1 517 JBE 353 19990629 111 1
4 232 625
5 1 1995 26
5 0 EFA 1
5 1 2015 0
1 518 FDF 209 19990109 111 1
4 6 28024
1 519 HAF 424 19990620 111 1
4 337 145
3 113 2
3 14 2
1 520 DHE 468 19990630 111 1
5 0 IEA 1
4 429 128
2 199 DHG 52 172 1
2 274 GJD 51 157 1
2 375 BDG 241 138 1
5 0 BDB 0
2 387 FCD 289 136 1
2 242 HHJ 75 164 1
1 521 IHE 369 19991020 111 1
3 405 0
5 1 1985 25
3 476 0
4 187 852
1 522 JGE 315 19990704 110 1
1 523 FHB 220 19990924 110 1
1 524 CJF 16 19990307 110 1
4 482 118
1 525 BCH 440 19990308 110 1
3 243 0
1 526 JGF 74 19990906 110 1
2 50 JFE 28 200 1
4 319 280
2 167 EJH 112 178 0
3 243 0
1 527 AHH 154 19991104 109 1
3 492 0
3 95 2
5 0 HCJ 0
4 25 856
5 1 2014 0
1 528 HFC 300 19991007 109 1
3 30 2
5 0 HIJ 0
1 529 DEC 412 19990623 109 1
2 433 BFG 31 127 1
2 242 IHD 162 164 1
3 58 3
1 530 IBF 196 19991127 109 1
1 531 CCJ 342 19990203 109 1
3 108 0
2 365 IHA 327 140 1
4 107 1169
2 284 CCD 202 156 0
3 500 0
5 1 2013 0
2 372 FGF 112 139 0
1 532 JBA 487 19990729 108 1
3 234 0
5 1 1992 26
4 446 249
4 396 134
1 533 BIB 312 19990901 108 1
1 534 FAI 503 19990901 108 1
2 65 ICJ 36 197 1
3 82 1
3 380 0
4 60 1289
3 420 1
1 535 JEC 314 19990923 108 1
4 531 109
2 178 HIA 23 176 1
5 0 CAF 0
3 41 1
5 0 DFJ 0
2 426 IAG 260 129 1
4 408 132
1 536 ECF 139 19990208 108 1
1 537 EEA 90 19990429 107 1
5 0 GED 0
5 1 1981 25
1 538 IIE 193 19991007 107 1
3 508 0
3 502 0
3 65 2
3 465 0
5 0 ABD 0
2 153 CHD 104 180 1
4 289 560
4 157 356
4 407 133
5 0 EFF 3
5 0 EIG 0
1 539 DBG 327 19991216 107 1
4 406 132
4 59 1365
1 540 EJG 175 19991203 107 1
1 541 HEI 60 20000212 107 1
3 377 0
4 467 121
4 252 277
4 4 12876
2 7 BFI 5 208 1
1 542 JFI 414 20000114 107 1
3 322 0
3 330 1
1 543 CBB 308 20001207 106 1
2 282 DGJ 183 156 1
2 133 EHF 111 184 1
3 533 0
2 473 FDC 451 120 1
5 1 1993 24
4 21 -1
5 1 1983 22
5 1 1985 25
4 447 125
5 0 DGH 0
3 386 0
4 405 -1
5 0 BBC 1
3 111 5
4 186 289
3 470 0
5 0 JIB 0
2 470 GDF 380 120 0
5 1 2012 0
3 178 1
2 170 DIC 54 177 1
3 6 6
3 272 0
3 380 0
1 544 IEC 345 20001112 106 1
3 102 2
1 545 GBC 465 20000705 106 0
1 546 EBB 164 20001026 106 1
4 386 -1
5 0 BEG 0
2 103 FBE 23 190 1
2 433 HEF 65 127 0
5 0 FCE 1
1 547 BFJ 534 20000924 106 1
1 548 JIH 88 20000603 105 1
3 284 0
2 270 FDA 77 158 1
1 549 JHA 481 20001216 105 1
2 529 AAI 487 109 1
4 470 -1
5 1 1991 26
1 550 HDF 389 20000819 105 1
4 533 -1
4 59 1692
4 408 132
1 551 IDH 98 20000613 105 1
5 0 BBG 0
5 1 1987 27
5 1 1999 26
5 1 1996 27
4 293 154
1 552 AHH 464 20001217 105 1
3 140 0
5 1 2008 0
2 258 BCF 159 160 0
4 228 313
5 1 1988 23
5 0 JGD 0
1 553 FDD 55 20000721 104 1
1 554 HCD 339 20001019 104 1
3 134 0
3 553 0
2 149 JID 116 181 1
2 267 HGF 152 159 1
2 374 DGF 178 138 0
1 555 IIA 418 20001022 104 1
5 1 1987 27
2 64 DIH 6 197 0
4 187 852
5 1 1983 21
2 207 JAJ 110 170 1
2 508 AHE 73 113 0
2 510 GBB 136 113 1
4 85 193
4 72 196
1 556 HAD 176 20000504 104 1
2 224 BBE 196 167 1
4 134 -1
4 79 1529
2 498 IFI 153 115 1
5 1 2002 0
3 504 0
3 162 5
2 290 JFH 189 154 1
4 471 -1
2 265 FIC 28 159 1
4 56 990
3 462 0
4 288 155
1 557 BJG 161 20000922 104 1
2 330 HHF 223 147 0
2 185 GFF 17 174 1
3 24 1
3 35 2
2 525 JAI 408 110 1
5 1 1990 25
5 0 ICC 0
1 558 GGI 355 20001021 103 1
3 181 2
2 156 IGG 3 180 1
4 171 346
4 274 294
4 311 408
3 75 1
2 380 BEC 23 137 0
2 42 CGE 28 202 1
2 418 HIG 351 130 1
2 236 AJJ 54 165 1
3 115 3
5 1 1993 24
4 175 283
4 339 633
2 400 DFC 193 134 1
4 493 -1
1 559 DBG 413 20000602 103 1
5 1 2001 0
4 398 134
5 1 1997 21
2 289 BGI 102 155 0
1 560 CBE 95 20000210 103 0
1 561 FFA 207 20000512 103 1
5 0 CJJ 0
3 358 0
1 562 DCA 119 20001012 103 0
1 563 IJH 198 20000301 103 1
3 75 0
2 151 JJD 105 181 1
3 368 1
2 327 HFI 301 147 1
1 564 CIH 58 20001027 102 0
3 167 1
3 385 1
5 0 AJE 0
1 565 HFE 285 20000904 102 1
1 566 EJB 547 20000502 102 1
4 222 167
5 0 GGE 0
2 107 AAB 53 189 1
4 282 447
4 31 4159
2 125 FED 8 186 1
5 0 JDF 1
1 567 GJJ 133 20000111 102 1
2 174 FBJ 163 176 1
1 568 GBA 135 20011221 102 1
5 1 2013 0
1 569 JHD 444 20010203 101 1
3 445 0
1 570 GEI 28 20010127 101 1
3 507 0
4 47 9170
1 571 JFF 128 20010120 101 1
3 381 1
4 106 189
1 572 JHA 66 20010326 101 1
4 397 268
4 319 387
5 0 CAE 1
4 212 169
2 11 EFG 10 207 1
5 1 1984 21
5 1 1988 23
2 155 CCB 123 180 0
5 1 1995 25
5 1 2011 0
2 389 CFH 135 136 1
4 451 366
2 315 EHA 87 150 0
1 573 CHB 457 20010218 101 1
5 1 2006 0
4 54 5812
2 64 HCH 38 197 1
5 1 2015 0
3 307 1
3 104 2
5 0 CED 0
5 1 2005 0
4 395 134
4 349 143
3 325 1
4 219 168
4 454 355
4 52 2224
4 191 173
1 574 CJI 157 20011005 100 1
4 527 109
5 0 BAJ 0
5 1 2008 0
3 398 0
3 111 0
2 491 AGJ 87 116 0
1 575 GIJ 467 20010228 100 1
3 479 0
1 576 JHB 388 20010206 100 1
5 1 1982 24
1 577 HJH 138 20010325 100 1
4 416 130
5 1 1987 27
1 578 HJA 159 20010310 100 1
3 348 0
4 118 1619
2 284 AEF 50 156 0
5 0 GEH 0
1 579 BJJ 128 20010705 99 1
4 232 478
2 537 BED 217 107 1
5 0 DGJ 1
3 162 0
1 580 BIC 138 20010617 99 1
1 581 EAI 510 20010603 99 1
1 582 CIH 270 20010303 99 1
1 583 JCD 356 20011211 99 1
2 134 JCD 109 184 0
1 584 JDG 494 20010719 99 1
3 101 2
4 208 170
4 464 226
5 1 1988 23
3 173 2
5 0 FCJ 2
5 1 2005 0
1 585 FIB 46 20010315 98 1
2 346 EFA 40 144 1
5 1 2015 0
1 586 GIG 579 20010810 98 1
4 393 372
3 204 2
1 587 GJF 330 20010409 98 0
2 358 DDD 299 141 0
2 297 IFF 166 153 1
5 1 2011 0
4 492 -1
5 0 CIC 0
3 366 2
1 588 EDI 432 20010628 98 1
5 0 HCC 0
2 22 GDA 6 205 0
2 300 FJC 148 153 1
1 589 JFG 86 20010517 98 1
3 190 0
2 531 FEF 220 109 1
5 1 1987 25
5 0 CJI 1
3 111 0
5 1 2010 0
4 83 -1
1 590 IBA 354 20010118 97 1
5 0 CEE 1
3 552 0
1 591 AEI 96 20010630 97 1
5 1 1996 26
4 544 106
3 140 0
5 1 1985 23
3 555 0
4 422 130
1 592 CBC 551 20011113 97 1
2 372 FJF 24 139 0
5 0 AII 0
5 1 1994 20
2 435 IHA 415 127 0
1 593 DGE 198 20011218 97 1
3 503 3
4 355 245
2 377 AGD 173 138 0
2 532 EGH 103 108 1
1 594 AHD 573 20010406 97 1
4 306 285
3 518 0
1 595 AHA 297 20021024 96 1
2 67 IFI 52 197 1
2 554 AGB 39 104 1
5 1 1998 18
4 432 225
1 596 BCF 594 20020405 96 1
3 12 2
5 0 DJF 1
4 394 135
4 31 5380
1 597 CED 276 20020609 96 1
2 528 JFI 313 109 1
5 0 HHA 0
3 201 0
4 161 283
4 71 902
4 467 221
1 598 HHD 431 20020927 96 1
2 140 GHA 120 183 0
2 5 HED 3 209 1
2 177 GDI 44 176 1
4 360 142
2 442 GAB 316 126 1
4 435 127
2 154 JHG 118 180 1
3 218 0
2 362 ACE 104 141 0
3 54 5
3 382 0
5 1 2008 0
2 578 DJG 84 100 1
4 349 143
5 1 2013 0
2 296 ACH 224 153 1
2 488 FHH 127 117 1
3 270 1
4 180 175
2 303 GFG 161 152 1
3 74 1
3 86 5
4 31 5639
1 599 IBC 570 20020323 96 1
1 600 BHC 466 20020413 96 1
2 395 FEB 349 134 1
2 366 GCF 117 140 0
2 177 JHF 155 176 0
2 41 EJE 23 202 0
3 110 3
3 422 0
3 350 0
1 601 DIC 46 20021002 95 1
5 0 FIG 0
2 496 GDB 425 115 1
1 602 ICB 372 20020816 95 0
5 0 JFC 0
3 130 3
1 603 FAG 517 20020619 95 1
1 604 CEI 354 20020417 95 1
4 564 -1
5 0 CCG 1
4 509 113
1 605 IDD 21 20020408 95 0
4 470 -1
4 28 2155
2 38 GED 30 202 0
1 606 AED 76 20021012 94 1
1 607 JEE 352 20021023 94 1
1 608 CAI 312 20021204 94 1
5 0 GEB 0
1 609 IEI 455 20020226 94 1
5 0 CDI 0
4 390 -1
5 1 2014 0
2 136 HJB 28 184 1
2 86 CFD 76 193 0
5 1 2012 0
2 286 EHG 119 155 0
2 131 CHG 82 185 0
2 389 DFA 339 136 1
1 610 EHJ 14 20020114 94 0
3 421 0
2 263 CCE 85 160 1
1 611 CHF 341 20020204 93 1
3 598 0
1 612 GCB 91 20020807 93 1
3 397 1
2 125 IJI 70 186 1
3 27 4
4 506 113
3 59 1
5 1 2012 0
1 613 IIE 482 20021203 93 1
3 147 0
1 614 FGC 89 20020302 93 1
3 416 0
1 615 DHH 525 20021226 93 1
4 458 235
2 491 HIJ 75 116 0
3 450 0
1 616 JFA 36 20020507 92 1
2 569 ADC 506 101 1
1 617 FCA 508 20021008 92 0
4 118 2271
4 502 -1
5 0 BED 1
1 618 IJE 428 20020213 92 1
2 336 FDE 223 146 1
3 319 2
5 1 2011 0
1 619 DBC 28 20020519 92 1
2 608 CAA 491 94 1
1 620 FBD 54 20021201 92 0
4 77 436
2 363 HEB 13 141 1
1 621 AEA 308 20021001 92 1
4 406 132
4 399 134
4 495 115
1 622 CGH 453 20030522 91 1
5 1 2005 0
1 623 CDI 536 20030709 91 1
4 177 529
3 90 0
4 572 101
2 156 JGG 93 180 1
5 1 1999 25
1 624 HAH 104 20031228 91 0
4 338 258
2 258 JDI 160 160 0
5 0 DIJ 0
3 402 0
1 625 CAE 322 20030310 91 0
1 626 GGH 126 20030820 91 1
3 12 0
2 264 HBG 40 159 1
5 0 JJJ 1
4 366 -1
4 133 1544
1 627 BEE 462 20030820 90 0
5 1 2013 0
2 36 DIJ 13 203 1
4 26 3417
1 628 HFB 303 20030211 90 1
4 195 858
3 265 2
3 356 1
5 1 1993 20
5 1 2001 26
4 234 -1
3 358 0
5 0 BAH 0
5 0 EFC 1
3 238 0
5 0 IFF 2
5 1 1993 20
3 611 0
5 1 1989 24
4 492 -1
1 629 EBH 366 20031117 90 0
1 630 GED 286 20030930 90 1
3 12 0
3 309 0
2 198 FGF 17 172 1
5 0 DGA 0
5 1 2007 0
3 398 0
5 0 DJE 0
5 0 JAD 0
4 531 109
3 496 0
3 317 0
4 274 157
2 120 FCE 109 187 1
3 250 2
5 1 2009 0
1 631 DHH 466 20030412 90 1
4 537 107
1 632 EIB 211 20030924 89 1
5 1 2001 26
5 0 EDJ 0
2 203 HGI 84 171 1
4 218 -1
4 559 103
4 218 -1
5 0 GDD 0
4 539 107
2 278 IGJ 109 157 1
5 1 2007 0
3 407 2
1 633 DAH 414 20030701 89 1
5 1 1996 25
3 464 0
3 362 0
4 411 131
2 255 GGC 181 161 0
3 310 3
5 1 1985 22
2 148 EEJ 20 181 1
2 258 DDD 197 160 0
2 391 DGH 23 135 1
1 634 FEF 291 20030307 89 1
2 209 IAD 198 170 1
1 635 IHE 156 20031103 89 1
4 488 117
5 0 HFH 0
4 98 2702
1 636 DCB 10 20030125 89 1
4 487 226
2 422 HIC 97 129 0
4 135 813
3 612 0
5 0 IJH 1
2 365 JIF 257 140 1
4 320 149
5 0 FCH 1
3 231 0
3 160 3
4 28 2526
1 637 GBC 135 20030206 88 1
5 1 2009 0
1 638 BBH 31 20031007 88 1
1 639 EHA 526 20030220 88 1
2 115 DBI 33 188 0
1 640 FIC 381 20030716 88 0
3 72 3
1 641 IDA 283 20030602 88 1
5 0 IEH 0
1 642 FJA 326 20030330 88 1
1 643 IJH 229 20030507 87 1
2 539 ACG 148 107 1
4 466 307
3 119 0
2 444 CBE 427 125 1
3 425 2
3 66 4
4 406 132
4 503 -1
1 644 HIF 616 20030812 87 1
1 645 AHB 634 20030412 87 1
2 475 EJI 69 119 1
1 646 CFF 19 20031105 87 1
2 286 JCE 193 155 1
4 440 126
5 1 2008 0
4 197 305
3 399 0
5 0 JCG 0
2 610 FII 105 94 0
3 18 3
1 647 BEH 583 20030409 87 1
5 1 2010 0
5 0 EDA 1
2 369 IDH 284 139 0
4 610 -1
3 452 3
1 648 GAE 98 20030213 86 1
3 403 0
3 510 1
5 0 FJG 0
4 312 150
5 0 DHD 0
1 649 ACA 329 20040605 86 1
5 1 1999 25
4 490 -1
1 650 EAI 343 20040302 86 1
2 394 CDJ 294 135 1
2 621 GJI 127 92 1
5 0 ICD 1
3 12 0
4 51 5426
5 1 1989 23
4 7 31321
2 448 BBF 357 124 1
5 1 2000 20
3 470 0
3 535 0
5 1 1980 20
3 507 0
2 431 IAJ 120 128 1
4 585 98
1 651 CAD 396 20041230 86 1
2 57 EAI 43 199 1
4 174 176
3 91 0
3 525 1
1 652 BDD 609 20040623 86 1
1 653 HCJ 390 20041002 85 0
4 320 149
2 596 ABH 348 96 0
5 0 JCI 1
4 542 108
4 121 472
1 654 JCE 86 20040528 85 0
3 634 1
2 23 EFI 22 205 1
1 655 FDG 71 20040326 85 1
2 179 AAG 51 175 1
5 1 2012 0
4 68 1069
5 1 2010 0
3 421 0
3 627 0
2 202 FBC 87 171 0
4 501 114
4 226 437
2 538 DBC 268 107 1
2 545 JHA 528 106 0
3 510 0
2 319 HAG 20 149 0
4 468 232
2 242 CGI 70 164 1
5 1 1999 23
5 1 1985 21
4 470 -1
5 1 1988 20
2 521 ICF 252 111 1
3 444 0
5 1 2010 0
1 656 GDH 219 20040829 85 1
1 657 IDA 503 20041217 85 0
1 658 FBF 423 20040524 84 1
5 1 2001 26
5 1 1998 16
4 616 179
1 659 FBC 456 20040702 84 1
4 348 -1
3 296 0
1 660 JCG 273 20040228 84 1
4 469 120
2 54 CFB 53 199 0
2 216 FAC 19 168 1
4 607 94
1 661 JAI 62 20041009 84 1
1 662 CHF 96 20040426 84 1
4 92 341
1 663 ECH 500 20040218 84 0
4 130 -1
1 664 CAC 137 20041222 83 1
5 0 HIH 0
3 657 0
1 665 BJC 266 20040413 83 1
4 240 321
2 429 BBJ 403 128 0
3 593 0
2 403 JGI 252 133 0
2 517 JID 421 111 0
1 666 GJA 82 20040803 83 0
3 447 0
1 667 JHA 237 20040605 83 1
3 191 0
4 169 1801
3 647 0
2 374 AJE 146 138 1
1 668 IEE 305 20040705 83 1
2 47 ICI 28 201 1
4 470 -1
5 1 1983 16
5 0 FFF 1
4 4 9708
4 386 -1
5 1 1999 23
4 3 62588
2 85 FFJ 74 193 0
1 669 GAA 588 20041114 82 1
2 544 JJB 395 106 1
5 1 2014 0
1 670 JBC 528 20040421 82 1
1 671 FCH 250 20040330 82 0
5 0 IIA 0
4 470 -1
3 307 0
1 672 HCF 344 20040517 82 1
5 1 1997 20
1 673 EAD 539 20040522 82 1
2 611 IGH 220 93 0
2 391 CJI 94 135 1
2 208 JAH 193 170 1
4 484 118
4 490 -1
5 1 1996 22
5 1 1994 15
3 338 1
5 1 2008 0
2 432 HBD 295 127 1
1 674 BIH 339 20041217 81 1
1 675 HDD 84 20040227 81 1
3 35 0
3 497 0
1 676 HDB 236 20050216 81 1
5 1 2001 25
2 508 HID 14 113 0
2 656 BJC 549 85 1
5 1 2012 0
3 352 1
3 455 2
3 109 2
4 634 -1
5 0 AJC 0
2 109 EFJ 35 189 0
1 677 III 592 20050527 81 1
1 678 HHC 375 20051013 81 1
4 310 -1
1 679 BBH 621 20050602 80 1
5 0 EFA 2
3 122 4
3 118 4
1 680 DDD 456 20050207 80 1
5 1 2015 0
3 32 3
4 462 -1
2 80 IFA 78 194 1
1 681 DBE 380 20050206 80 0
3 372 0
1 682 DHH 273 20050922 80 1
1 683 GBE 616 20050202 80 1
4 521 111
3 30 0
2 376 ICD 147 138 0
1 684 IEE 650 20050501 80 1
2 569 IDI 385 101 0
2 457 IEG 276 123 1
4 171 346
1 685 EAB 667 20050409 79 1
4 404 250
5 0 BEE 0
5 1 1998 15
5 0 FCF 0
5 1 2000 20
1 686 BFI 105 20050809 79 1
2 638 ADF 270 88 0
2 605 EBB 251 95 0
2 349 FAJ 39 143 1
4 444 -1
5 1 1999 23
2 115 BIJ 3 188 0
5 0 IFB 0
3 251 0
3 564 0
1 687 IJD 423 20050709 79 1
4 679 80
3 603 0
1 688 JJI 362 20050818 79 0
5 0 GIJ 1
4 609 182
1 689 BHA 63 20050710 79 1
3 136 1
5 0 IIC 0
1 690 DCA 181 20050211 78 0
5 0 HCC 0
1 691 AHF 617 20050806 78 0
2 646 EIF 463 87 1
3 222 0
3 192 3
4 483 118
5 0 DAJ 0
4 570 197
3 366 0
2 256 GAI 202 161 1
3 681 0
2 531 CHJ 118 109 0
1 692 AFC 265 20050705 78 0
4 42 978
4 590 97
4 62 282
3 168 1
5 1 2013 0
1 693 HHG 293 20050907 78 1
4 421 -1
5 1 2007 0
4 323 148
3 496 0
2 168 ICJ 28 178 0
2 57 AAC 11 199 1
4 511 112
3 354 1
3 464 0
1 694 IHH 692 20051211 78 0
1 695 EFI 177 20050930 77 1
3 676 0
3 173 0
3 481 2
2 178 IBG 45 176 0
3 531 0
2 468 ADB 93 121 1
3 41 0
3 505 0
1 696 CBE 594 20050519 77 1
2 323 JCJ 49 148 1
2 169 ICF 32 177 0
2 504 EEG 322 114 0
2 508 JHG 250 113 0
2 82 HFC 71 194 0
1 697 BHJ 657 20050302 77 0
2 553 BGC 494 104 0
5 0 HBJ 0
2 341 GBA 278 145 1
2 692 HFB 408 78 0
3 388 1
4 146 320
5 0 IBC 1
2 44 FFJ 26 201 1
4 616 259
4 27 -1
2 251 HHB 57 162 0
4 186 174
3 679 0
5 1 2006 0
3 565 0
2 452 BHG 264 124 0
2 248 EBG 204 162 0
1 698 GBD 452 20050111 77 0
4 440 126
3 204 0
4 259 686
2 499 JCI 95 115 0
5 0 DJI 1
4 49 1840
3 272 0
3 103 1
3 672 0
4 675 81
2 150 BGH 124 181 1
3 473 0
4 499 115
1 699 BBA 455 20051215 77 0
1 700 BFH 545 20051104 77 0
1 701 HDC 687 20050817 76 1
2 562 CED 334 103 0
3 211 1
3 403 0
1 702 FJI 125 20050815 76 1
3 47 5
1 703 DJH 170 20061005 76 1
5 0 JAC 0
5 0 EDA 1
5 1 2013 0
2 515 EDC 36 112 1
2 366 HJF 330 140 0
3 647 0
4 385 -1
3 491 1
1 704 BGF 267 20060706 76 1
1 705 JFI 473 20061105 76 0
5 1 1984 16
5 0 JAH 1
4 429 323
1 706 EFC 647 20061011 75 0
2 513 JDF 499 112 1
5 1 2002 18
1 707 IBC 512 20061202 75 1
4 236 165
3 8 6
2 235 EGE 120 165 0
4 38 2222
4 263 936
1 708 GAI 592 20060725 75 1
1 709 JDH 257 20060103 75 1
5 0 EFF 1
5 0 IIG 0
4 657 -1
2 258 AHD 220 160 0
3 210 2
1 710 CJJ 373 20060822 75 1
2 539 HHC 175 107 1
3 332 0
3 252 1
5 0 GBE 2
5 0 HCE 0
3 638 0
2 124 EAB 61 186 1
1 711 ECG 672 20060205 74 0
5 0 III 1
4 244 272
2 302 JDG 63 152 1
5 1 1992 20
2 250 CDH 174 162 0
3 583 0
2 5 EEF 1 209 1
3 615 0
5 0 FJG 0
4 463 328
2 27 DHG 9 204 0
4 23 4243
1 712 HFI 76 20060902 74 1
4 271 159
1 713 ICI 338 20060320 74 0
5 1 1989 21
3 135 1
4 6 -1
2 619 IGC 271 92 1
1 714 GDI 189 20061016 74 1
4 241 695
4 256 483
1 715 EHH 540 20060912 74 1
1 716 IAC 123 20061213 73 1
2 583 FBB 577 99 0
2 666 CGJ 373 83 0
3 553 0
3 467 1
1 717 JBH 576 20060514 73 1
5 0 ICC 0
2 42 HIF 29 202 1
5 1 2012 0
4 433 127
4 707 75
2 644 EDH 161 87 1
4 651 87
5 0 JGC 1
2 332 GBH 117 146 0
1 718 AGH 499 20060911 73 1
4 633 89
5 0 IIH 1
5 1 1999 22
4 66 -1
1 719 CFJ 256 20061225 73 1
5 0 DCD 1
4 672 -1
4 639 88
5 0 BCC 0
4 94 554
2 319 GIB 34 149 0
4 677 81
3 464 0
5 0 GBE 2
4 555 -1
5 0 GAI 2
4 626 91
1 720 ICD 396 20061004 73 1
4 706 -1
3 223 1
3 410 0
1 721 BEC 139 20060607 73 1
4 448 234
2 642 HBB 105 88 1
5 0 IDJ 1
1 722 DIE 447 20061201 72 0
5 1 1984 15
4 399 -1
1 723 DEI 632 20061029 72 1
1 724 GAG 107 20060925 72 1
5 0 GCD 0
4 575 101
1 725 AEG 195 20060527 72 1
4 55 1985
1 726 CCJ 445 20061107 72 0
2 671 DIC 447 82 0
3 501 0
3 541 0
2 62 IAJ 22 198 1
1 727 BHH 89 20061201 71 1
1 728 HBC 268 20060804 71 1
2 704 CJB 542 76 1
2 144 GFB 18 182 0
3 676 0
4 627 -1
3 481 0
1 729 BHA 449 20060803 71 1
5 1 1992 20
2 311 AEB 45 150 1
3 30 0
1 730 CEB 368 20070627 71 0
2 484 JJF 343 118 1
4 416 -1
3 434 0
2 438 IIJ 195 126 1
4 289 651
1 731 HAB 660 20071015 71 1
5 1 2011 0
1 732 AIE 371 20071128 70 1
1 733 JCG 20 20070525 70 1
5 0 GCC 0
1 734 DHF 38 20070426 70 1
3 61 6
4 51 6204
1 735 DJC 532 20070523 70 1
2 295 EHI 102 153 0
4 461 122
4 241 695
2 181 DEB 56 175 0
1 736 FJF 366 20070414 70 0
2 204 EDC 189 171 0
3 108 0
3 122 0
4 695 77
5 1 2007 5
3 629 0
2 483 HBC 253 118 1
2 47 AGH 20 201 0
3 129 0
4 162 -1
5 1 1998 12
2 175 JFH 42 176 1
1 737 BBC 692 20070301 69 0
2 388 CEG 153 136 0
1 738 DCE 721 20070618 69 1
2 160 CDI 64 179 0
2 710 AJJ 106 75 1
1 739 BFB 74 20070717 69 0
3 134 0
5 0 EHC 0
5 1 1980 19
2 694 EBJ 29 78 0
1 740 FFA 231 20071108 69 0
3 490 0
4 474 119
3 271 1
2 636 GFJ 397 89 0
2 372 AAB 13 139 0
4 628 90
4 229 352
1 741 FCH 136 20070411 69 0
1 742 DDF 415 20071129 69 0
3 477 0
5 0 EBF 0
3 342 2
3 80 3
1 743 ADG 425 20070617 68 0
5 0 AJA 0
1 744 IAA 383 20070126 68 1
3 732 0
5 0 FAJ 2
3 67 2
3 141 0
5 0 BDE 1
3 337 0
5 1 1998 12
4 177 487
4 353 253
3 425 0
1 745 ADA 363 20070516 68 1
2 616 CAC 418 92 1
5 0 JCF 1
5 0 IBJ 0
1 746 HIB 126 20070228 68 1
1 747 DBH 605 20071021 68 0
4 153 1865
4 21 -1
1 748 CDF 69 20070416 67 1
5 1 1987 20
4 348 -1
5 0 ADI 0
5 1 2012 0
1 749 BBF 572 20070220 67 1
2 259 BDJ 210 160 0
3 417 0
2 163 JGA 104 179 0
4 433 127
4 404 250
4 655 85
2 519 HBF 196 111 1
1 750 HEG 212 20070610 67 1
2 106 GDE 7 189 1
2 131 CDF 51 185 1
4 35 -1
1 751 IIJ 111 20070813 67 0
5 0 HEC 0
5 0 GGA 0
3 516 0
5 0 JFG 2
1 752 IDC 631 20070323 67 1
3 595 0
3 472 0
1 753 GFG 522 20071101 66 1
4 317 -1
1 754 DEJ 200 20070604 66 1
1 755 CDC 480 20071113 66 1
3 739 0
4 381 -1
4 55 1889
3 497 0
5 1 2003 19
5 0 FHE 0
3 373 0
5 1 2011 0
3 296 0
3 693 0
5 0 CCI 0
1 756 CJJ 301 20071024 66 1
4 649 86
2 84 BHE 49 194 1
1 757 CGE 12 20080908 66 0
3 417 0
3 296 0
5 1 2011 0
2 418 HJC 196 130 1
1 758 GEE 154 20080422 65 1
1 759 EBC 454 20081216 65 1
1 760 CJB 668 20080503 65 1
5 0 FIG 0
5 0 HBG 2
5 0 JJB 1
1 761 AGB 148 20081112 65 1
2 314 JIA 113 150 0
5 1 2016 0
3 647 0
4 656 86
5 0 EDJ 0
1 762 JCC 71 20080628 65 1
5 1 1998 12
2 69 JBH 2 196 1
4 325 -1
4 31 5177
1 763 IFD 316 20080920 65 1
3 499 1
5 1 1989 21
1 764 EAJ 76 20080116 64 1
1 765 FJC 72 20081225 64 0
2 563 CGG 556 103 1
2 400 AIJ 355 134 1
5 1 2005 14
5 1 1988 18
2 148 GHB 65 181 0
1 766 JGJ 467 20080708 64 0
4 472 -1
4 326 708
3 11 3
2 250 IAA 95 162 0
5 1 2005 14
3 353 1
3 418 2
4 542 184
1 767 CBG 606 20080219 64 1
5 1 2000 18
1 768 FIF 30 20081221 64 0
4 530 109
1 769 FGH 8 20080401 63 0
3 385 0
1 770 EAC 205 20080522 63 1
5 1 1988 18
3 485 0
1 771 GJH 407 20081210 63 0
5 0 FHH 1
1 772 JHF 269 20080908 63 1
5 1 1985 19
1 773 IFD 656 20081021 63 1
2 448 HDH 237 124 1
4 24 -1
1 774 DCC 432 20080227 62 1
3 223 0
2 396 EGH 32 134 0
3 771 0
3 578 0
2 381 JJC 243 137 0
4 384 137
4 353 -1
1 775 FEA 152 20080817 62 1
3 612 0
4 259 760
1 776 AEE 341 20080820 62 1
1 777 GII 233 20080426 62 1
3 358 0
3 630 0
3 119 0
2 547 FCI 451 106 1
2 318 HCH 117 149 1
3 250 0
4 116 1307
1 778 FEH 515 20080609 62 1
1 779 IHH 249 20080203 61 1
4 496 -1
2 84 FFA 12 194 0
1 780 AEJ 98 20080418 61 1
5 1 1998 11
1 781 IDI 552 20081201 61 0
3 632 1
1 782 JAB 552 20081204 61 0
2 456 GHH 320 123 1
3 425 0
5 1 1995 17
4 1 70985
4 639 88
2 21 GHC 4 206 0
1 783 HGB 563 20080822 61 1
2 12 JBI 7 207 0
2 282 BCJ 140 156 0
3 231 0
5 0 DHH 2
4 700 -1
3 230 0
4 123 585
5 1 1983 15
5 1 1985 19
4 517 112
1 784 CFD 23 20090230 61 1
4 308 614
3 232 0
5 0 BEC 2
3 279 0
1 785 FGH 661 20090503 60 1
1 786 BCH 544 20090518 60 1
3 382 0
2 471 EDC 210 120 0
4 58 -1
1 787 BBJ 748 20090823 60 1
2 226 HHI 18 167 0
5 0 DBH 0
4 217 582
2 99 AHD 83 191 0
2 693 IAD 478 78 0
1 788 HEH 660 20091027 60 1
5 1 1995 17
1 789 DCH 486 20090828 60 1
2 200 DAD 172 172 1
5 0 BID 0
3 439 0
5 0 CEC 2
5 0 FDI 0
1 790 DDI 115 20090330 59 0
2 277 FBA 59 157 0
2 269 HHA 225 158 1
5 1 1981 21
2 734 FAB 519 70 1
4 196 940
3 742 0
4 130 -1
2 357 HGI 204 142 0
4 307 -1
4 670 82
2 175 GAD 79 176 1
2 158 AGF 19 179 1
4 54 -1
1 791 CHB 769 20090625 59 0
2 78 FCA 62 195 1
2 231 EEI 68 166 0
5 0 HHC 2
1 792 IGC 163 20090910 59 1
1 793 EHF 336 20090316 59 1
1 794 CFI 353 20090309 59 0
4 555 -1
3 512 1
3 455 0
5 1 2009 8
3 424 2
5 0 BJC 3
5 1 2015 0
1 795 DHH 432 20090614 58 1
5 0 BAG 0
4 76 1018
3 394 0
3 580 0
3 725 0
2 246 BJG 233 163 1
1 796 CGE 229 20090607 58 1
1 797 CIA 717 20090703 58 1
5 1 1995 16
3 797 0
1 798 DIB 652 20090526 58 1
5 1 1996 19
4 514 112
1 799 HAI 91 20090816 58 0
1 800 IJE 495 20091130 58 1
5 1 2015 0
4 580 -1
1 801 HDC 650 20091217 57 1
5 1 2001 22
3 64 2
2 206 EGI 81 170 1
4 766 -1
4 595 -1
2 693 DBD 573 78 0
1 802 DCG 10 20091030 57 1
1 803 FGJ 154 20091127 57 1
4 409 132
5 1 1992 18
5 0 HAE 2
1 804 IJA 437 20091106 57 1
5 1 2007 16
1 805 IBH 290 20090209 57 1
1 806 EDH 132 20091125 56 1
3 299 0
2 175 AIE 10 176 1
3 122 0
3 2 5
3 344 0
4 280 156
1 807 JCF 522 20090404 56 1
1 808 CBE 428 20091105 56 1
2 178 FCJ 23 176 0
1 809 EFI 757 20091130 56 0
1 810 HAI 747 20090104 56 0
4 216 168
1 811 HIE 584 20101030 55 1
3 490 0
1 812 BBA 122 20100820 55 0
4 457 494
2 190 AEE 27 173 0
1 813 BBG 536 20100602 55 1
3 220 1
2 39 GEE 5 202 1
5 0 DJD 0
5 0 DFJ 0
1 814 EBB 119 20100220 55 0
4 668 148
1 815 EID 107 20100327 55 1
4 618 92
4 26 6017
5 0 EHB 0
5 1 1980 17
5 0 BBI 1
4 744 68
2 75 AEI 72 195 0
2 538 CAH 134 107 0
1 816 EED 721 20100615 54 1
5 1 2012 0
3 268 1
1 817 JAE 390 20100321 54 0
3 244 2
5 0 GBC 1
1 818 IHI 179 20100416 54 1
1 819 AFJ 319 20100711 54 0
5 1 2013 0
3 502 0
1 820 HBH 586 20100214 54 1
5 1 1987 20
1 821 FCA 153 20100608 54 1