327
246
279
187
31
264
254
243
87
258
23
105
160
271
219
82
108
47
7
317
193
120
155
88
221
311
211
177
131
263
27
64
105
89
164
385
37
17
139
316
282
100
188
194
49
200
238
275
42
195
170
59
292
265
216
183
233
125
210
298
309
46
274
144
88
275
394
153
202
327
339
111
121
0
12
134
23
27
6
276
81
136
85
226
238
101
318
304
190
227
135
267
47
342
288
66
49
189
330
81
305
101
329
249
328
211
51
338
192
270
149
195
17
347
65
219
151
343
43
185
315
303
72
316
6
232
40
226
234
46
88
265
293
335
100
25
231
157
219
138
12
211
154
150
235
286
106
316
219
94
10
36
8
22
210
169
76
31
338
278
231
286
63
46
258
170
135
327
181
94
158
3
93
200
352
173
120
92
279
187
92
107
118
253
28
206
49
35
164
192
169
90
148
131
288
6
87
395
352
93
210
116
21
33
199
176
8
360
54
312
159
58
65
92
320
11
39
334
120
14
39
72
208
225
135
42
57
25
143
227
268
67
34
367
161
217
297
285
268
143
285
151
200
0
113
303
27
21
165
217
106
223
185
58
306
140
51
294
117
285
156
268
215
131
8
290
7
122
240
89
284
69
93
34
127
288
232
53
112
288
268
169
121
67
219
373
75
288
319
46
222
112
55
188
7
57
186
160
255
92
197
75
302
96
1
61
230
57
182
163
378
207
79
208
182
355
339
225
86
0
24
162
106
295
199
374
139
135
70
95
156
4
304
99
7
97
109
166
211
104
183
176
6
283
122
237
158
324
30
26
269
12
26
153
60
193
120
188
325
80
356
267
5
131
99
160
186
259
181
286
357
47
216
101
224
207
10
174
175
95
186
114
203
167
311
56
77
5
125
309
37
378
201
67
122
275
115
342
234
77
77
351
21
170
179
276
40
229
314
125
142
321
51
22
99
176
320
232
76
87
38
35
30
171
63
209
119
340
311
175
69
228
166
250
63
134
55
206
264
158
185
99
269
396
54
317
313
55
24
188
232
70
176
225
71
312
109
201
111
178
199
216
199
281
186
153
355
30
263
216
42
52
68
118
361
123
139
321
39
97
208
51
80
209
88
66
271
77
299
57
306
237
358
344
180
14
18
104
103
295
176
46
209
88
20
241
299
16
36
125
324
206
149
206
201
301
199
66
252
217
116
353
306
159
160
211
46
0
17
246
305
242
251
314
309
31
223
196
331
289
104
118
148
148
313
426
270
56
309
211
198
113
216
294
254
288
204
137
0
44
15
149
29
130
44
280
196
0
54
304
191
319
356
58
202
252
214
135
352
33
129
347
346
362
208
310
86
193
71
72
71
61
24
202
319
57
266
274
179
38
149
45
48
1
78
189
22
255
320
306
98
56
332
43
0
286
323
80
286
160
333
327
99
145
127
257
131
24
328
67
323
391
15
262
125
78
231
0
174
291
377
129
82
345
200
37
9
276
90
101
300
136
124
87
331
287
11
144
24
121
136
154
326
100
85
320
